Chromosome	Start_Position	t_alt_count	t_ref_count
14	106452833	43	57
12	113440906	31	69
17	61843397	30	70
17	39727603	30	70
5	140725113	42	58
4	6062186	29	71
7	107188718	23	77
5	110837624	24	76
5	132032350	36	64
7	63459400	53	47
17	75190903	27	73
19	56388508	27	73
5	134164394	47	53
12	57114467	29	71
6	31842678	27	73
11	67554626	29	71
3	118645007	29	71
4	57221362	25	75
9	88938810	28	72
11	102678417	41	59
1	214576348	31	69
19	14160024	32	68
10	5488669	24	76
1	22965590	22	78
15	24921327	30	70
3	178936082	22	78
3	167045700	33	67
9	21420364	32	68
13	21835030	45	55
11	67555869	39	61
1	43904393	26	74
11	61646061	26	74
19	58004115	26	74
5	3276517	51	49
17	78291022	26	74
3	30875492	30	70
19	27736145	38	62
5	31422806	26	74
20	50803488	20	80
16	55862571	24	76
4	39874689	25	75
6	167592606	32	68
1	16455860	27	73
6	167592605	30	70
2	92028523	26	74
2	92028527	24	76
1	31124547	28	72
19	15291055	21	79
2	89879941	20	80
19	21512159	20	80
12	40842427	25	75
GL000225.1	79118	24	76
2	92313030	21	79
3	75680088	20	80
GL000218.1	53574	24	76
16	87448068	20	80
9	75085825	22	78
16	33943674	22	78
GL000225.1	79113	20	80
6	167592601	20	80
Y	13478251	20	80
5	1192309	20	80
10	42356796	20	80
